Holidays: 68, 64, 65, 66, 67, 69, 70
Helicopter: [1], [3], [4], [5], [6], [21], 26
Drone: [2], [7], [14], [18], [19], [12], 27
Gyrocopter: [8], [9], [10], [13], [11], [20], 28
UFO: [15], 29, [24], [25], 30, 31, 32 
Space: [17], 40, 41, 42, 43, 44, 45 
Jet: 33, 34, 35, 36, 37, 38, 39 
Beast: [16], 46, 47, [23], 48, [22], 49 
Blades: 50, 51, 52, 53, 54, 55, 56 
Mythical: 57, 58, 59, 60, 61, 62, 63 
Insects: 89, 90, 91, 92, 93, 94, 95 
Astrorace.io: 107, 108, 109, 110, 111, 112, 113 
Crystals: 122, 123, 124, 125, 126, 127, 128 
Premium: 81, 82, 83, 84, 85, 86, 87, 88, 100, 101, 102, 103, 104, 105, 106
Elite: 71, 79, 96, 97, 98, 99, 136
Creeper: 72, 73, 74, 75, 76, 77, 78
Star Wars: 114, 115, 116, 117, 188, 119, 120, 121
Tiger: 129
Deleted: 80
